:::>> Enter 1: for BFS    OR    Enter 2: for DFS :::> 1
1 | 2 | 3
4 | 5 | 6
  | 7 | 8
------------------
1 | 2 | 3
4 | 5 | 6
7 |   | 8
------------------
1 | 2 | 3
4 | 5 | 6
7 | 8 |  
------------------
Path Cost                  ::: 2
No Of nodes generated      ::: 10
Effective branching factor ::: 3.16227766017
Time taken   :: 0.0


___________________________________________________________________________

:::>> Enter 1: for BFS    OR    Enter 2: for DFS :::> 2
1 | 2 | 3
4 | 5 | 6
  | 7 | 8
------------------
1 | 2 | 3
  | 5 | 6
4 | 7 | 8
------------------
  | 2 | 3
1 | 5 | 6
4 | 7 | 8
------------------
2 |   | 3
1 | 5 | 6
4 | 7 | 8
------------------
2 | 5 | 3
1 |   | 6
4 | 7 | 8
------------------
2 | 5 | 3
  | 1 | 6
4 | 7 | 8
------------------
  | 5 | 3
2 | 1 | 6
4 | 7 | 8
------------------
5 |   | 3
2 | 1 | 6
4 | 7 | 8
------------------
5 | 1 | 3
2 |   | 6
4 | 7 | 8
------------------
5 | 1 | 3
  | 2 | 6
4 | 7 | 8
------------------
  | 1 | 3
5 | 2 | 6
4 | 7 | 8
------------------
1 |   | 3
5 | 2 | 6
4 | 7 | 8
------------------
1 | 2 | 3
5 |   | 6
4 | 7 | 8
------------------
1 | 2 | 3
5 | 7 | 6
4 |   | 8
------------------
1 | 2 | 3
5 | 7 | 6
  | 4 | 8
------------------
1 | 2 | 3
  | 7 | 6
5 | 4 | 8
------------------
  | 2 | 3
1 | 7 | 6
5 | 4 | 8
------------------
2 |   | 3
1 | 7 | 6
5 | 4 | 8
------------------
2 | 7 | 3
1 |   | 6
5 | 4 | 8
------------------
2 | 7 | 3
  | 1 | 6
5 | 4 | 8
------------------
  | 7 | 3
2 | 1 | 6
5 | 4 | 8
------------------
7 |   | 3
2 | 1 | 6
5 | 4 | 8
------------------
7 | 1 | 3
2 |   | 6
5 | 4 | 8
------------------
7 | 1 | 3
  | 2 | 6
5 | 4 | 8
------------------
  | 1 | 3
7 | 2 | 6
5 | 4 | 8
------------------
1 |   | 3
7 | 2 | 6
5 | 4 | 8
------------------
1 | 2 | 3
7 |   | 6
5 | 4 | 8
------------------
1 | 2 | 3
7 | 4 | 6
5 |   | 8
------------------
1 | 2 | 3
7 | 4 | 6
  | 5 | 8
------------------
1 | 2 | 3
  | 4 | 6
7 | 5 | 8
------------------
  | 2 | 3
1 | 4 | 6
7 | 5 | 8
------------------
2 |   | 3
1 | 4 | 6
7 | 5 | 8
------------------
2 | 4 | 3
1 |   | 6
7 | 5 | 8
------------------
2 | 4 | 3
  | 1 | 6
7 | 5 | 8
------------------
  | 4 | 3
2 | 1 | 6
7 | 5 | 8
------------------
4 |   | 3
2 | 1 | 6
7 | 5 | 8
------------------
4 | 1 | 3
2 |   | 6
7 | 5 | 8
------------------
4 | 1 | 3
  | 2 | 6
7 | 5 | 8
------------------
  | 1 | 3
4 | 2 | 6
7 | 5 | 8
------------------
1 |   | 3
4 | 2 | 6
7 | 5 | 8
------------------
1 | 2 | 3
4 |   | 6
7 | 5 | 8
------------------
1 | 2 | 3
4 | 5 | 6
7 |   | 8
------------------
1 | 2 | 3
4 | 5 | 6
7 | 8 |  
------------------
Path Cost                  ::: 42
No Of nodes generated      ::: 125
Effective branching factor ::: 1.12182839625
Time taken   :: 0.00399994850159

_______________________________________________________________________

:::>> Enter 1: for BFS    OR    Enter 2: for DFS :::> 1
2 | 3 | 8
1 | 6 | 5
4 | 7 |  
------------------
2 | 3 | 8
1 | 6 |  
4 | 7 | 5
------------------
2 | 3 |  
1 | 6 | 8
4 | 7 | 5
------------------
2 |   | 3
1 | 6 | 8
4 | 7 | 5
------------------
  | 2 | 3
1 | 6 | 8
4 | 7 | 5
------------------
1 | 2 | 3
  | 6 | 8
4 | 7 | 5
------------------
1 | 2 | 3
4 | 6 | 8
  | 7 | 5
------------------
1 | 2 | 3
4 | 6 | 8
7 |   | 5
------------------
1 | 2 | 3
4 | 6 | 8
7 | 5 |  
------------------
1 | 2 | 3
4 | 6 |  
7 | 5 | 8
------------------
1 | 2 | 3
4 |   | 6
7 | 5 | 8
------------------
1 | 2 | 3
4 | 5 | 6
7 |   | 8
------------------
1 | 2 | 3
4 | 5 | 6
7 | 8 |  
------------------
Path Cost                  ::: 12
No Of nodes generated      ::: 3376
Effective branching factor ::: 1.96803825701
Time taken   :: 0.56500005722

_______________________________________________________________________

:::>> Enter 1: for Heuristic 1    OR    Enter 2: for Heuristic 2    OR    Enter 3: for A* Search  :::> 1
3 | 8 | 5
1 | 6 | 7
4 | 2 |  
------------------
3 | 8 | 5
1 | 6 |  
4 | 2 | 7
------------------
3 | 8 | 5
1 |   | 6
4 | 2 | 7
------------------
3 |   | 5
1 | 8 | 6
4 | 2 | 7
------------------
  | 3 | 5
1 | 8 | 6
4 | 2 | 7
------------------
1 | 3 | 5
  | 8 | 6
4 | 2 | 7
------------------
1 | 3 | 5
4 | 8 | 6
  | 2 | 7
------------------
1 | 3 | 5
4 | 8 | 6
2 |   | 7
------------------
1 | 3 | 5
4 |   | 6
2 | 8 | 7
------------------
1 | 3 | 5
4 | 6 |  
2 | 8 | 7
------------------
1 | 3 |  
4 | 6 | 5
2 | 8 | 7
------------------
1 |   | 3
4 | 6 | 5
2 | 8 | 7
------------------
1 | 6 | 3
4 |   | 5
2 | 8 | 7
------------------
1 | 6 | 3
4 | 5 |  
2 | 8 | 7
------------------
1 | 6 | 3
4 | 5 | 7
2 | 8 |  
------------------
1 | 6 | 3
4 | 5 | 7
2 |   | 8
------------------
1 | 6 | 3
4 |   | 7
2 | 5 | 8
------------------
1 |   | 3
4 | 6 | 7
2 | 5 | 8
------------------
1 | 3 |  
4 | 6 | 7
2 | 5 | 8
------------------
1 | 3 | 7
4 | 6 |  
2 | 5 | 8
------------------
1 | 3 | 7
4 |   | 6
2 | 5 | 8
------------------
1 | 3 | 7
4 | 5 | 6
2 |   | 8
------------------
1 | 3 | 7
4 | 5 | 6
2 | 8 |  
------------------
1 | 3 | 7
4 | 5 |  
2 | 8 | 6
------------------
1 | 3 |  
4 | 5 | 7
2 | 8 | 6
------------------
1 |   | 3
4 | 5 | 7
2 | 8 | 6
------------------
1 | 5 | 3
4 |   | 7
2 | 8 | 6
------------------
1 | 5 | 3
4 | 7 |  
2 | 8 | 6
------------------
1 | 5 | 3
4 | 7 | 6
2 | 8 |  
------------------
1 | 5 | 3
4 | 7 | 6
2 |   | 8
------------------
1 | 5 | 3
4 |   | 6
2 | 7 | 8
------------------
1 |   | 3
4 | 5 | 6
2 | 7 | 8
------------------
  | 1 | 3
4 | 5 | 6
2 | 7 | 8
------------------
4 | 1 | 3
  | 5 | 6
2 | 7 | 8
------------------
4 | 1 | 3
2 | 5 | 6
  | 7 | 8
------------------
4 | 1 | 3
2 | 5 | 6
7 |   | 8
------------------
4 | 1 | 3
2 |   | 6
7 | 5 | 8
------------------
4 | 1 | 3
  | 2 | 6
7 | 5 | 8
------------------
  | 1 | 3
4 | 2 | 6
7 | 5 | 8
------------------
1 |   | 3
4 | 2 | 6
7 | 5 | 8
------------------
1 | 2 | 3
4 |   | 6
7 | 5 | 8
------------------
1 | 2 | 3
4 | 5 | 6
7 |   | 8
------------------
1 | 2 | 3
4 | 5 | 6
7 | 8 |  
------------------
Path Cost                  ::: 42
No Of nodes generated      ::: 579
Effective branching factor ::: 1.16353127418
Time taken   :: 0.280999898911

_________________________________________________________________

:::>> Enter 1: for Heuristic 1    OR    Enter 2: for Heuristic 2    OR    Enter 3: for A* Search  :::> 2
3 | 8 | 5
1 | 6 | 7
4 | 2 |  
------------------
3 | 8 | 5
1 | 6 |  
4 | 2 | 7
------------------
3 | 8 | 5
1 |   | 6
4 | 2 | 7
------------------
3 |   | 5
1 | 8 | 6
4 | 2 | 7
------------------
  | 3 | 5
1 | 8 | 6
4 | 2 | 7
------------------
1 | 3 | 5
  | 8 | 6
4 | 2 | 7
------------------
1 | 3 | 5
4 | 8 | 6
  | 2 | 7
------------------
1 | 3 | 5
4 | 8 | 6
2 |   | 7
------------------
1 | 3 | 5
4 | 8 | 6
2 | 7 |  
------------------
1 | 3 | 5
4 | 8 |  
2 | 7 | 6
------------------
1 | 3 |  
4 | 8 | 5
2 | 7 | 6
------------------
1 |   | 3
4 | 8 | 5
2 | 7 | 6
------------------
1 | 8 | 3
4 |   | 5
2 | 7 | 6
------------------
1 | 8 | 3
4 | 5 |  
2 | 7 | 6
------------------
1 | 8 | 3
4 | 5 | 6
2 | 7 |  
------------------
1 | 8 | 3
4 | 5 | 6
2 |   | 7
------------------
1 | 8 | 3
4 | 5 | 6
  | 2 | 7
------------------
1 | 8 | 3
  | 5 | 6
4 | 2 | 7
------------------
1 | 8 | 3
5 |   | 6
4 | 2 | 7
------------------
1 | 8 | 3
5 | 2 | 6
4 |   | 7
------------------
1 | 8 | 3
5 | 2 | 6
4 | 7 |  
------------------
1 | 8 | 3
5 | 2 |  
4 | 7 | 6
------------------
1 | 8 | 3
5 |   | 2
4 | 7 | 6
------------------
1 | 8 | 3
  | 5 | 2
4 | 7 | 6
------------------
1 | 8 | 3
4 | 5 | 2
  | 7 | 6
------------------
1 | 8 | 3
4 | 5 | 2
7 |   | 6
------------------
1 | 8 | 3
4 |   | 2
7 | 5 | 6
------------------
1 |   | 3
4 | 8 | 2
7 | 5 | 6
------------------
1 | 3 |  
4 | 8 | 2
7 | 5 | 6
------------------
1 | 3 | 2
4 | 8 |  
7 | 5 | 6
------------------
1 | 3 | 2
4 | 8 | 6
7 | 5 |  
------------------
1 | 3 | 2
4 | 8 | 6
7 |   | 5
------------------
1 | 3 | 2
4 |   | 6
7 | 8 | 5
------------------
1 |   | 2
4 | 3 | 6
7 | 8 | 5
------------------
1 | 2 |  
4 | 3 | 6
7 | 8 | 5
------------------
1 | 2 | 6
4 | 3 |  
7 | 8 | 5
------------------
1 | 2 | 6
4 | 3 | 5
7 | 8 |  
------------------
1 | 2 | 6
4 | 3 | 5
7 |   | 8
------------------
1 | 2 | 6
4 |   | 5
7 | 3 | 8
------------------
1 | 2 | 6
4 | 5 |  
7 | 3 | 8
------------------
1 | 2 |  
4 | 5 | 6
7 | 3 | 8
------------------
1 |   | 2
4 | 5 | 6
7 | 3 | 8
------------------
1 | 5 | 2
4 |   | 6
7 | 3 | 8
------------------
1 | 5 | 2
4 | 3 | 6
7 |   | 8
------------------
1 | 5 | 2
4 | 3 | 6
7 | 8 |  
------------------
1 | 5 | 2
4 | 3 |  
7 | 8 | 6
------------------
1 | 5 | 2
4 |   | 3
7 | 8 | 6
------------------
1 |   | 2
4 | 5 | 3
7 | 8 | 6
------------------
1 | 2 |  
4 | 5 | 3
7 | 8 | 6
------------------
1 | 2 | 3
4 | 5 |  
7 | 8 | 6
------------------
1 | 2 | 3
4 | 5 | 6
7 | 8 |  
------------------
Path Cost                  ::: 50
No Of nodes generated      ::: 307
Effective branching factor ::: 1.12135407988
Time taken   :: 0.0750000476837


______________________________________________________________________

:::>> Enter 1: for Heuristic 1    OR    Enter 2: for Heuristic 2    OR    Enter 3: for A* Search  :::> 3
3 | 8 | 5
1 | 6 | 7
4 | 2 |  
------------------
3 | 8 | 5
1 | 6 |  
4 | 2 | 7
------------------
3 | 8 | 5
1 |   | 6
4 | 2 | 7
------------------
3 |   | 5
1 | 8 | 6
4 | 2 | 7
------------------
  | 3 | 5
1 | 8 | 6
4 | 2 | 7
------------------
1 | 3 | 5
  | 8 | 6
4 | 2 | 7
------------------
1 | 3 | 5
8 |   | 6
4 | 2 | 7
------------------
1 | 3 | 5
8 | 2 | 6
4 |   | 7
------------------
1 | 3 | 5
8 | 2 | 6
4 | 7 |  
------------------
1 | 3 | 5
8 | 2 |  
4 | 7 | 6
------------------
1 | 3 |  
8 | 2 | 5
4 | 7 | 6
------------------
1 |   | 3
8 | 2 | 5
4 | 7 | 6
------------------
1 | 2 | 3
8 |   | 5
4 | 7 | 6
------------------
1 | 2 | 3
  | 8 | 5
4 | 7 | 6
------------------
1 | 2 | 3
4 | 8 | 5
  | 7 | 6
------------------
1 | 2 | 3
4 | 8 | 5
7 |   | 6
------------------
1 | 2 | 3
4 |   | 5
7 | 8 | 6
------------------
1 | 2 | 3
4 | 5 |  
7 | 8 | 6
------------------
1 | 2 | 3
4 | 5 | 6
7 | 8 |  
------------------
Path Cost                  ::: 18
No Of nodes generated      ::: 416
Effective branching factor ::: 1.39799360585
Time taken   :: 0.197999954224


_______________________________________________________________________

:::>> Enter 1: for Heuristic 1    OR    Enter 2: for Heuristic 2    OR    Enter 3: for A* Search  :::> 3
1 | 3 |  
4 | 2 | 6
7 | 5 | 8
------------------
1 |   | 3
4 | 2 | 6
7 | 5 | 8
------------------
1 | 2 | 3
4 |   | 6
7 | 5 | 8
------------------
1 | 2 | 3
4 | 5 | 6
7 |   | 8
------------------
1 | 2 | 3
4 | 5 | 6
7 | 8 |  
------------------
Path Cost                  ::: 4
No Of nodes generated      ::: 14
Effective branching factor ::: 1.93433642027
Time taken   :: 0.0

__________________________________________________________________________